0 0.3364378478821418 0.9823083449698755 0.03451135538619425 0.024037517856907442
0 0.5279259111138584 0.9649048364484589 0.04243293969514959 0.04292388555165907
0 0.658095200145078 0.8798286327155808 0.02990566861791084 0.038018197240056395
0 0.5436877873808997 0.8068332378284306 0.033067030054229285 0.04432274431795698
0 0.5740297932346323 0.6938150405883742 0.040870439695149585 0.04289661201270878
0 0.4070463054330765 0.7959384224865854 0.04557612041330898 0.04610343262956
0 0.5252973774453917 0.61108040706531 0.025181807181592398 0.03168637662320535
0 0.9253064678044713 0.6025358810940229 0.03620112041330899 0.04593979139585791
0 0.8700639350197676 0.8331643181878097 0.04408634328594587 0.058576159090609536
0 0.6311297418085765 0.546739443186162 0.03466589149054773 0.050600017856907445
0 0.40396779899016877 0.5194577431034364 0.01730567466803503 0.020612508928453722
0 0.238220079142594 0.5434424882321724 0.020448855386194252 0.0237920560063543
0 0.7288814405789125 0.5286285970017657 0.01728749394987581 0.017487508928453722
0 0.7264427626894235 0.4107143940796664 0.018913626463433177 0.028452282467404187
0 0.599376268641352 0.36528093750411916 0.01572499394987581 0.01746023538950343
0 0.09536391686939497 0.7951294935071782 0.023628397540671964 0.03322160308425524
0 0.7216648799794745 0.2920598514659926 0.012590903590796287 0.015843188311602675
0 0.7675631872592629 0.3248490320669576 0.015734084308955332 0.019022735389503432