0 0.2905784543581561 0.9570358224726737 0.033707142065139896 0.04291485182361114
0 0.19168592804979684 0.9469321642282986 0.03343412628012436 0.038227351823611144
0 0.48225001486738234 0.9794414185967018 0.03803062101845249 0.03677395459715278
0 0.6237780912322114 0.9312429207809032 0.028655621018452492 0.03655574905006951
0 0.5242492571160489 0.8298421153100698 0.028928636803468067 0.04124324905006915
0 0.5714134124765428 0.7287348634102088 0.03977513154179633 0.03993532218833344
0 0.39123235978923715 0.7830554214464933 0.04629814732681181 0.04476829255305557
0 0.5370923494070677 0.6350933129733685 0.02516659997176518 0.03023301386770836
0 0.9329046493223633 0.7332477107685078 0.032144642065139804 0.04287848423243048
0 0.8405028596480628 0.9417485821594103 0.042247684158514785 0.05559668977951375
0 0.6521412257577793 0.6011021323119102 0.02763915258848364 0.04589438145888884
0 0.4333464521508432 0.514869772320174 0.016717063140062292 0.019113675911805572
0 0.26515789427245284 0.4937909400638544 0.018370568401734032 0.020712543502986236
0 0.7509427468044667 0.6096432905562853 0.01653505261671846 0.015988675911805573
0 0.7676458574407499 0.49456380442399367 0.015518584186749607 0.025327308320625085
0 0.6499963548805011 0.41692715406340336 0.01497255261671846 0.015952308320624907
0 0.08447485459815246 0.7002370425530555 0.022132605233436985 0.03172277868534721
0 0.7819142128153611 0.3778672669049312 0.01019404735504672 0.014280705547083272
0 0.8226981075113372 0.42172702288885483 0.016717063140062292 0.019113675911805572