0 0.29932040980398134 0.21985258615770004 0.2195387176006804 0.21642194753799596
0 0.8842831976455965 0.3335908381745124 0.18612601687504088 0.19693997402109958
0 0.01602666081547164 0.9315120799535137 0.027762901451278833 0.036232430942249746
0 0.4076040364060349 0.987652273342573 0.02658234736759475 0.02469545331485392
0 0.12243291743889359 0.8896137930788501 0.03294147477225655 0.05062271287323483
0 0.22184264039705157 0.8910830939513701 0.014662700725639332 0.018170845792955602
0 0.2229463273276929 0.7697708226640467 0.01811508293962456 0.02776436708027923
0 0.09923849801626543 0.701600340849277 0.013100200725639421 0.01806158514929379
0 0.2240227324071688 0.6492398013767232 0.012991073320977709 0.014936585149293791
0 0.269506357997732 0.6923613706865753 0.017896828130301044 0.02151436708027905
0 0.7310787419409976 0.966820421306994 0.2569990228654909 0.06635915738601206